0 0 2855151 4.98e+06
0 1 3862976 4.926e+06
0 2 735122 5.5501e+06
0 3 1.31309e+06 5.383e+06
1 0 805918 2.81132e+06
1 1 735314 2.52360e+06
1 2 726228 2.50496e+06
1 3 826152 2.80834e+06
1 4 753374 2.52063e+06
1 5 744153 2.50198e+06
1 6 800041 2.81133e+06
1 7 730039 2.52362e+06
1 8 720992 2.50498e+06
1 9 820282 2.80836e+06
1 10 748106 2.52064e+06
1 11 738923 2.502e+06
1 12 824716 2.80876e+06
1 13 752099 2.52104e+06
1 14 742888 2.5024e+06
1 15 844911 2.80578e+06
1 16 770119 2.51807e+06
1 17 760772 2.49942e+06
1 18 818397 2.80912e+06
1 19 746440 2.52141e+06
1 20 737270 2.50277e+06
1 21 838601 2.80615e+06
1 22 764470 2.51844e+06
1 23 755165 2.49979e+06
2 0 100536 6.84380e+06
2 1 804288 1.72078e+06
3 0 504583 2.4412e+06
3 1 22795 5.7025e+06
4 0 180934 5.5549e+06
4 1 92081.6 4.4506e+06
4 2 403164 3.2912e+06
4 3 295059 3.9756e+06
4 4 381271.3 3.1838e+06
