0 0 1059594 4.98e+06
0 1 945211 7.87267e+06
0 2 1074003 5.83497e+06
0 3 1043185 6.59167e+06
1 0 819444 2.85850e+06
1 1 749062 2.57079e+06
1 2 739907 2.55215e+06
1 3 529061 3.04935e+06
1 4 492137 2.76164e+06
1 5 484814 2.74299e+06
1 6 813468 2.85852e+06
1 7 743688 2.57081e+06
1 8 734573 2.55216e+06
1 9 522684 3.04936e+06
1 10 486362	2.76165e+06
1 11 479078 2.74301e+06
1 12 838570 2.85594e+06
1 13 766175 2.56823e+06
1 14 756895	2.54959e+06
1 15 549804	3.04679e+06
1 16 510867	2.75908e+06
1 17 503418	2.74043e+06
1 18 832143 2.85631e+06
1 19 760408 2.56860e+06
1 20 751170	2.54995e+06
1 21 542899	3.04716e+06
1 22 504622	2.75945e+06
1 23 497215	2.74080e+06
2 0 100536 1.72078e+06
3 0 164583 2.4412e+06
3 1 122795 2.8237e+06
4 0 180934 5.5549e+06
4 1 92081.6 4.4506e+06
4 2 293164 3.2912e+06
4 3 95059 3.9756e+06
4 4 81271.3 3.1838e+06
