0 0 855150.66 4980000
0 1 862976.088 4926000
0 2 735121.8452 5550100
0 3 1313085.956 5383000
1 0 805917.7031295 2811315
1 1 735313.6403515 2523605
1 2 726228.0227799 2504961
1 3 826152.3928437 2808339
1 4 753373.9135957 2520629
1 5 744152.6384265 2501985
1 6 800040.9853863 2811331
1 7 730038.8872083 2523621
1 8 720992.2495503 2504977
1 9 820282.0210365 2808355
1 10 748105.5063885 2520645
1 11 738923.2111329 2502001
1 12 824715.9119915 2808755
1 13 752099.0690735 2521045
1 14 742887.5346299 2502401
1 15 844910.6835617 2805779
1 16 770119.4241737 2518069
1 17 760772.2321325 2499425
1 18 818396.6919419 2809123
1 19 746439.8609439 2521413
1 20 737270.4472811 2502769
1 21 838601.0359121 2806147
1 22 764469.7884441 2518437
1 23 755164.7171837 2499793
2 0 100535.594261 1720778
3 0 164582.77456 2441200
3 1 122795.08901 2823700
4 0 180933.64731 5554900
4 1 92081.57882 4450600
4 2 293163.96912 3291200
4 3 95058.98136 3975600
4 4 81271.2707 3183800
